22222222222222222222222222222222222222
24444444444444444444444444444444444444
24444444444444444444444444444444444444
24444444444444444444444444444444444444
24555555555555555555555555555555555555
24555555555555555555555555555555555556
24555555555555555555555555555555555555
24555555555555555555555555555555555555
24555555555555555555555555555555555555
39555555555555555555555555555555555557
24555555555555555555555555555555555555
24555555555555555555555555555555555555
24555555555555555555555555555555555555
24555555555555555555555555555555555556
24555555555555555555555555555555555555
24444444444444444444444444444444444444
24444444444444444444444444444444444444
24444444444444444444444444444444444444
22222222222222222222222222222222222222