00000000000000000000000000000000000000
00000000000000000000000000000000000000
00000000000000000000000000000000000000
11110000000000000000000000000000000000
11111100000000000000000000112222222222
11111111000000000000000011112222222222
11111111111111111111111111122222222222
11111111111111111111111111122222222222
11111111111111111111111111122222222222
91111111111111111111111111132222222222
11111111111111111111111111122222222222
11111111111111111111111111122222222222
11111111111111111111111111122222222222
11111111000000000000000011112222222222
11111100000000000000000000112222222222
11110000000000000000000000000000000000
00000000000000000000000000000000000000
00000000000000000000000000000000000000
00000000000000000000000000000000000000